Model name: Hogwarts
                 W        Z       P1       J1       P2       J2       P3       J3       P4       J4       P5       J5 
Minimize         0        0        1        1        1        1        1        1        1        1        1        1 
R1               1        0        1        0        0        0        0        0        0        0        0        0 >=        2
R2               1        0       -1        0        0        0        0        0        0        0        0        0 <=        2
R3               0        1        0        1        0        0        0        0        0        0        0        0 >=        3
R4               0        1        0       -1        0        0        0        0        0        0        0        0 <=        3
R5               1        0        0        0        1        0        0        0        0        0        0        0 >=       10
R6               1        0        0        0       -1        0        0        0        0        0        0        0 <=       10
R7               0        1        0        0        0        1        0        0        0        0        0        0 >=        2
R8               0        1        0        0        0       -1        0        0        0        0        0        0 <=        2
R9               1        0        0        0        0        0        1        0        0        0        0        0 >=       11
R10              1        0        0        0        0        0       -1        0        0        0        0        0 <=       11
R11              0        1        0        0        0        0        0        1        0        0        0        0 >=        0
R12              0        1        0        0        0        0        0       -1        0        0        0        0 <=        0
R13              1        0        0        0        0        0        0        0        1        0        0        0 >=        0
R14              1        0        0        0        0        0        0        0       -1        0        0        0 <=        0
R15              0        1        0        0        0        0        0        0        0        1        0        0 >=        3
R16              0        1        0        0        0        0        0        0        0       -1        0        0 <=        3
R17              1        0        0        0        0        0        0        0        0        0        1        0 >=        1
R18              1        0        0        0        0        0        0        0        0        0       -1        0 <=        1
R19              0        1        0        0        0        0        0        0        0        0        0        1 >=        2
R20              0        1        0        0        0        0        0        0        0        0        0       -1 <=        2
Type          Real     Real     Real     Real     Real     Real     Real     Real     Real     Real     Real     Real 
upbo           Inf      Inf      Inf      Inf      Inf      Inf      Inf      Inf      Inf      Inf      Inf      Inf 
lowbo            0        0        0        0        0        0        0        0        0        0        0        0 

Actual values of the constraints:
R1                              2
R2                              2
R3                              3
R4                              1
R5                             10
R6                             -6
R7                              2
R8                              2
R9                             11
R10                            -7
R11                             4
R12                             0
R13                             4
R14                             0
R15                             3
R16                             1
R17                             3
R18                             1
R19                             2
R20                             2

Actual values of the variables:
W                               2
Z                               2
P1                              0
J1                              1
P2                              8
J2                              0
P3                              9
J3                              2
P4                              2
J4                              1
P5                              1
J5                              0

Value of objective function: 24.00000000

Tableau at iter 11:
             13             15             17            -20             21            -24            -26             27            -30            -32              3             12
  1     -1.0000000      0.0000000      0.0000000      0.0000000      0.0000000      0.0000000      0.0000000      0.0000000      0.0000000      0.0000000      1.0000000      0.0000000      2.0000000
-14      1.0000000      0.0000000      0.0000000      0.0000000      0.0000000      0.0000000      0.0000000      0.0000000      0.0000000      0.0000000     -2.0000000      0.0000000      0.0000000
  2      0.0000000      0.0000000      0.0000000      0.0000000      0.0000000      0.0000000      0.0000000      0.0000000      0.0000000      1.0000000      0.0000000     -1.0000000      2.0000000
-16      0.0000000     -1.0000000      0.0000000      0.0000000      0.0000000      0.0000000      0.0000000      0.0000000      0.0000000     -2.0000000      0.0000000      2.0000000      2.0000000
  9     -1.0000000      0.0000000      0.0000000      0.0000000      0.0000000      0.0000000     -1.0000000      0.0000000      0.0000000      0.0000000      1.0000000      0.0000000      2.0000000
-18      2.0000000      0.0000000     -1.0000000      0.0000000      0.0000000      0.0000000      0.0000000      0.0000000      0.0000000      0.0000000     -2.0000000      0.0000000     16.0000000
 19      0.0000000      0.0000000      0.0000000     -1.0000000      0.0000000      0.0000000      0.0000000      0.0000000      0.0000000      2.0000000      0.0000000     -2.0000000      0.0000000
  6      0.0000000      0.0000000      0.0000000     -1.0000000      0.0000000      0.0000000      0.0000000      0.0000000      0.0000000      1.0000000      0.0000000     -1.0000000      0.0000000
 11     -1.0000000      0.0000000      0.0000000      0.0000000      0.0000000      0.0000000      0.0000000      0.0000000     -1.0000000      0.0000000      1.0000000      0.0000000      1.0000000
-22      2.0000000      0.0000000      0.0000000      0.0000000     -1.0000000      0.0000000      0.0000000      0.0000000      0.0000000      0.0000000     -2.0000000      0.0000000     18.0000000
 23      0.0000000      0.0000000      0.0000000      0.0000000      0.0000000     -1.0000000      0.0000000      0.0000000      0.0000000      2.0000000      0.0000000     -2.0000000      4.0000000
  4      0.0000000     -1.0000000      0.0000000      0.0000000      0.0000000      0.0000000      0.0000000      0.0000000      0.0000000     -1.0000000      0.0000000      1.0000000      1.0000000
 25     -2.0000000      0.0000000      0.0000000      0.0000000      0.0000000      0.0000000     -1.0000000      0.0000000      0.0000000      0.0000000      2.0000000      0.0000000      4.0000000
  7      1.0000000      0.0000000      0.0000000      0.0000000     -1.0000000      0.0000000      0.0000000      0.0000000      0.0000000      0.0000000     -1.0000000      0.0000000      9.0000000
  8      0.0000000      0.0000000      0.0000000      0.0000000      0.0000000     -1.0000000      0.0000000      0.0000000      0.0000000      1.0000000      0.0000000     -1.0000000      2.0000000
-28      0.0000000      0.0000000      0.0000000      0.0000000      0.0000000      0.0000000      0.0000000     -1.0000000      0.0000000     -2.0000000      0.0000000      2.0000000      2.0000000
 29     -2.0000000      0.0000000      0.0000000      0.0000000      0.0000000      0.0000000      0.0000000      0.0000000     -1.0000000      0.0000000      2.0000000      0.0000000      2.0000000
  5      1.0000000      0.0000000     -1.0000000      0.0000000      0.0000000      0.0000000      0.0000000      0.0000000      0.0000000      0.0000000     -1.0000000      0.0000000      8.0000000
 31      0.0000000      0.0000000      0.0000000      0.0000000      0.0000000      0.0000000      0.0000000      0.0000000      0.0000000      1.0000000      0.0000000     -2.0000000      0.0000000
 10      0.0000000      0.0000000      0.0000000      0.0000000      0.0000000      0.0000000      0.0000000     -1.0000000      0.0000000     -1.0000000      0.0000000      1.0000000      1.0000000
        -0.0000000     -1.0000000     -1.0000000     -1.0000000     -1.0000000     -1.0000000     -1.0000000     -1.0000000     -1.0000000     -0.0000000     -1.0000000     -1.0000000     24.0000000
